  6.13588467E-03
  1.22715384E-02
  1.84067301E-02
  2.45412290E-02
  3.06748040E-02
  3.68072242E-02
  4.29382585E-02
  4.90676761E-02
  5.51952459E-02
  6.13207407E-02
  6.74439222E-02
  7.35645667E-02
  7.96824396E-02
  8.57973173E-02
  9.19089541E-02
  9.80171412E-02
  0.10412164    
  0.11022221    
  0.11631864    
  0.12241068    
  0.12849812    
  0.13458072    
  0.14065824    
  0.14673047    
  0.15279719    
  0.15885815    
  0.16491313    
  0.17096190    
  0.17700422    
  0.18303989    
  0.18906866    
  0.19509032    
  0.20110464    
  0.20711139    
  0.21311033    
  0.21910124    
  0.22508392    
  0.23105812    
  0.23702361    
  0.24298020    
  0.24892761    
  0.25486568    
  0.26079413    
  0.26671278    
  0.27262136    
  0.27851969    
  0.28440756    
  0.29028466    
  0.29615089    
  0.30200595    
  0.30784968    
  0.31368175    
  0.31950203    
  0.32531032    
  0.33110631    
  0.33688986    
  0.34266073    
  0.34841868    
  0.35416353    
  0.35989505    
  0.36561301    
  0.37131721    
  0.37700742    
  0.38268346    
  0.38834503    
  0.39399207    
  0.39962420    
  0.40524134    
  0.41084319    
  0.41642958    
  0.42200029    
  0.42755508    
  0.43309385    
  0.43861625    
  0.44412217    
  0.44961134    
  0.45508358    
  0.46053872    
  0.46597651    
  0.47139674    
  0.47679925    
  0.48218375    
  0.48755017    
  0.49289823    
  0.49822766    
  0.50353837    
  0.50883019    
  0.51410276    
  0.51935601    
  0.52458972    
  0.52980363    
  0.53499764    
  0.54017150    
  0.54532498    
  0.55045801    
  0.55557024    
  0.56066161    
  0.56573182    
  0.57078075    
  0.57580823    
  0.58081400    
  0.58579791    
  0.59075969    
  0.59569931    
  0.60061651    
  0.60551101    
  0.61038280    
  0.61523163    
  0.62005723    
  0.62485951    
  0.62963825    
  0.63439333    
  0.63912445    
  0.64383155    
  0.64851445    
  0.65317285    
  0.65780669    
  0.66241580    
  0.66699994    
  0.67155898    
  0.67609274    
  0.68060100    
  0.68508369    
  0.68954057    
  0.69397146    
  0.69837630    
  0.70275474    
  0.70710677    
  0.71143222    
  0.71573085    
  0.72000253    
  0.72424710    
  0.72846442    
  0.73265427    
  0.73681659    
  0.74095118    
  0.74505776    
  0.74913639    
  0.75318682    
  0.75720888    
  0.76120239    
  0.76516730    
  0.76910335    
  0.77301043    
  0.77688849    
  0.78073728    
  0.78455663    
  0.78834641    
  0.79210657    
  0.79583693    
  0.79953730    
  0.80320752    
  0.80684757    
  0.81045717    
  0.81403631    
  0.81758481    
  0.82110256    
  0.82458931    
  0.82804507    
  0.83146966    
  0.83486289    
  0.83822471    
  0.84155494    
  0.84485358    
  0.84812033    
  0.85135520    
  0.85455799    
  0.85772866    
  0.86086696    
  0.86397284    
  0.86704624    
  0.87008697    
  0.87309498    
  0.87607014    
  0.87901229    
  0.88192129    
  0.88479710    
  0.88763964    
  0.89044875    
  0.89322430    
  0.89596629    
  0.89867449    
  0.90134889    
  0.90398932    
  0.90659571    
  0.90916800    
  0.91170603    
  0.91420978    
  0.91667908    
  0.91911387    
  0.92151403    
  0.92387950    
  0.92621022    
  0.92850608    
  0.93076700    
  0.93299282    
  0.93518353    
  0.93733901    
  0.93945920    
  0.94154406    
  0.94359344    
  0.94560736    
  0.94758564    
  0.94952822    
  0.95143503    
  0.95330602    
  0.95514119    
  0.95694035    
  0.95870352    
  0.96043056    
  0.96212143    
  0.96377605    
  0.96539444    
  0.96697646    
  0.96852213    
  0.97003126    
  0.97150391    
  0.97293997    
  0.97433937    
  0.97570211    
  0.97702813    
  0.97831738    
  0.97956979    
  0.98078531    
  0.98196387    
  0.98310548    
  0.98421007    
  0.98527765    
  0.98630810    
  0.98730141    
  0.98825759    
  0.98917651    
  0.99005818    
  0.99090266    
  0.99170977    
  0.99247956    
  0.99321198    
  0.99390697    
  0.99456459    
  0.99518472    
  0.99576741    
  0.99631262    
  0.99682033    
  0.99729043    
  0.99772304    
  0.99811810    
  0.99847555    
  0.99879545    
  0.99907774    
  0.99932241    
  0.99952942    
  0.99969882    
  0.99983060    
  0.99992472    
  0.99998116    
   1.0000000    
  0.99998116    
  0.99992472    
  0.99983060    
  0.99969882    
  0.99952942    
  0.99932235    
  0.99907774    
  0.99879545    
  0.99847555    
  0.99811810    
  0.99772304    
  0.99729043    
  0.99682027    
  0.99631262    
  0.99576741    
  0.99518472    
  0.99456453    
  0.99390697    
  0.99321193    
  0.99247950    
  0.99170977    
  0.99090260    
  0.99005818    
  0.98917651    
  0.98825759    
  0.98730141    
  0.98630810    
  0.98527765    
  0.98421007    
  0.98310548    
  0.98196387    
  0.98078525    
  0.97956973    
  0.97831738    
  0.97702813    
  0.97570211    
  0.97433937    
  0.97293991    
  0.97150391    
  0.97003126    
  0.96852207    
  0.96697646    
  0.96539444    
  0.96377605    
  0.96212143    
  0.96043050    
  0.95870346    
  0.95694029    
  0.95514113    
  0.95330602    
  0.95143497    
  0.94952816    
  0.94758558    
  0.94560730    
  0.94359344    
  0.94154406    
  0.93945920    
  0.93733895    
  0.93518353    
  0.93299282    
  0.93076694    
  0.92850608    
  0.92621022    
  0.92387950    
  0.92151397    
  0.91911387    
  0.91667902    
  0.91420972    
  0.91170603    
  0.90916800    
  0.90659571    
  0.90398932    
  0.90134883    
  0.89867443    
  0.89596623    
  0.89322430    
  0.89044869    
  0.88763958    
  0.88479704    
  0.88192123    
  0.87901217    
  0.87607002    
  0.87309492    
  0.87008703    
  0.86704624    
  0.86397284    
  0.86086696    
  0.85772860    
  0.85455799    
  0.85135514    
  0.84812033    
  0.84485352    
  0.84155494    
  0.83822465    
  0.83486277    
  0.83146954    
  0.82804507    
  0.82458931    
  0.82110250    
  0.81758481    
  0.81403631    
  0.81045717    
  0.80684751    
  0.80320752    
  0.79953724    
  0.79583687    
  0.79210651    
  0.78834635    
  0.78455651    
  0.78073710    
  0.77688849    
  0.77301049    
  0.76910335    
  0.76516724    
  0.76120239    
  0.75720882    
  0.75318676    
  0.74913633    
  0.74505770    
  0.74095106    
  0.73681647    
  0.73265415    
  0.72846431    
  0.72424698    
  0.72000253    
  0.71573085    
  0.71143222    
  0.70710677    
  0.70275474    
  0.69837624    
  0.69397140    
  0.68954051    
  0.68508363    
  0.68060094    
  0.67609262    
  0.67155886    
  0.66699982    
  0.66241562    
  0.65780669    
  0.65317285    
  0.64851439    
  0.64383155    
  0.63912439    
  0.63439327    
  0.62963820    
  0.62485945    
  0.62005711    
  0.61523151    
  0.61038268    
  0.60551095    
  0.60061634    
  0.59569913    
  0.59075975    
  0.58579785    
  0.58081394    
  0.57580817    
  0.57078069    
  0.56573176    
  0.56066149    
  0.55557019    
  0.55045789    
  0.54532486    
  0.54017138    
  0.53499746    
  0.52980345    
  0.52458954    
  0.51935601    
  0.51410276    
  0.50883013    
  0.50353837    
  0.49822763    
  0.49289814    
  0.48755011    
  0.48218369    
  0.47679913    
  0.47139663    
  0.46597636    
  0.46053857    
  0.45508343    
  0.44961137    
  0.44412217    
  0.43861625    
  0.43309382    
  0.42755505    
  0.42200023    
  0.41642949    
  0.41084310    
  0.40524122    
  0.39962411    
  0.39399192    
  0.38834491    
  0.38268328    
  0.37700725    
  0.37131724    
  0.36561301    
  0.35989505    
  0.35416350    
  0.34841865    
  0.34266067    
  0.33688980    
  0.33110622    
  0.32531020    
  0.31950191    
  0.31368160    
  0.30784950    
  0.30200580    
  0.29615071    
  0.29028472    
  0.28440756    
  0.27851969    
  0.27262133    
  0.26671273    
  0.26079407    
  0.25486559    
  0.24892752    
  0.24298008    
  0.23702349    
  0.23105797    
  0.22508375    
  0.21910107    
  0.21311013    
  0.20711140    
  0.20110464    
  0.19509031    
  0.18906865    
  0.18303984    
  0.17700416    
  0.17096181    
  0.16491303    
  0.15885803    
  0.15279706    
  0.14673033    
  0.14065808    
  0.13458052    
  0.12849791    
  0.12241070    
  0.11631864    
  0.11022220    
  0.10412160    
  9.80170965E-02
  9.19088945E-02
  8.57972279E-02
  7.96823353E-02
  7.35644475E-02
  6.74437881E-02
  6.13205843E-02
  5.51950745E-02
  4.90674861E-02
  4.29380536E-02
  3.68072391E-02
  3.06748021E-02
  2.45412104E-02
  1.84066948E-02
  1.22714853E-02
  6.13581482E-03
 -8.74227766E-08
 -6.13598945E-03
 -1.22716604E-02
 -1.84068698E-02
 -2.45413855E-02
 -3.06749772E-02
 -3.68074141E-02
 -4.29382287E-02
 -4.90676612E-02
 -5.51952496E-02
 -6.13207594E-02
 -6.74439594E-02
 -7.35646188E-02
 -7.96825141E-02
 -8.57974067E-02
 -9.19090658E-02
 -9.80172679E-02
 -0.10412177    
 -0.11022237    
 -0.11631881    
 -0.12241087    
 -0.12849809    
 -0.13458070    
 -0.14065824    
 -0.14673050    
 -0.15279724    
 -0.15885821    
 -0.16491319    
 -0.17096199    
 -0.17700434    
 -0.18304002    
 -0.18906881    
 -0.19509049    
 -0.20110482    
 -0.20711157    
 -0.21311030    
 -0.21910124    
 -0.22508393    
 -0.23105814    
 -0.23702365    
 -0.24298024    
 -0.24892768    
 -0.25486577    
 -0.26079422    
 -0.26671290    
 -0.27262151    
 -0.27851987    
 -0.28440771    
 -0.29028487    
 -0.29615086    
 -0.30200595    
 -0.30784965    
 -0.31368178    
 -0.31950209    
 -0.32531035    
 -0.33110639    
 -0.33688995    
 -0.34266084    
 -0.34841880    
 -0.35416368    
 -0.35989520    
 -0.36561319    
 -0.37131739    
 -0.37700740    
 -0.38268343    
 -0.38834506    
 -0.39399207    
 -0.39962426    
 -0.40524140    
 -0.41084325    
 -0.41642967    
 -0.42200038    
 -0.42755523    
 -0.43309397    
 -0.43861639    
 -0.44412231    
 -0.44961151    
 -0.45508358    
 -0.46053872    
 -0.46597654    
 -0.47139677    
 -0.47679928    
 -0.48218384    
 -0.48755026    
 -0.49289829    
 -0.49822778    
 -0.50353849    
 -0.50883031    
 -0.51410288    
 -0.51935619    
 -0.52458966    
 -0.52980363    
 -0.53499764    
 -0.54017150    
 -0.54532504    
 -0.55045801    
 -0.55557030    
 -0.56066167    
 -0.56573188    
 -0.57078087    
 -0.57580835    
 -0.58081412    
 -0.58579803    
 -0.59075987    
 -0.59569931    
 -0.60061651    
 -0.60551107    
 -0.61038285    
 -0.61523163    
 -0.62005728    
 -0.62485957    
 -0.62963831    
 -0.63439339    
 -0.63912457    
 -0.64383167    
 -0.64851451    
 -0.65317297    
 -0.65780687    
 -0.66241580    
 -0.66699994    
 -0.67155898    
 -0.67609274    
 -0.68060106    
 -0.68508375    
 -0.68954062    
 -0.69397157    
 -0.69837636    
 -0.70275486    
 -0.70710689    
 -0.71143234    
 -0.71573097    
 -0.72000265    
 -0.72424710    
 -0.72846442    
 -0.73265427    
 -0.73681659    
 -0.74095118    
 -0.74505782    
 -0.74913645    
 -0.75318688    
 -0.75720876    
 -0.76120234    
 -0.76516724    
 -0.76910329    
 -0.77301043    
 -0.77688843    
 -0.78073722    
 -0.78455663    
 -0.78834647    
 -0.79210663    
 -0.79583693    
 -0.79953730    
 -0.80320758    
 -0.80684763    
 -0.81045729    
 -0.81403643    
 -0.81758493    
 -0.82110262    
 -0.82458943    
 -0.82804519    
 -0.83146977    
 -0.83486301    
 -0.83822489    
 -0.84155512    
 -0.84485376    
 -0.84812051    
 -0.85135537    
 -0.85455793    
 -0.85772854    
 -0.86086690    
 -0.86397284    
 -0.86704624    
 -0.87008697    
 -0.87309498    
 -0.87607008    
 -0.87901223    
 -0.88192129    
 -0.88479716    
 -0.88763964    
 -0.89044875    
 -0.89322436    
 -0.89596629    
 -0.89867455    
 -0.90134895    
 -0.90398937    
 -0.90659577    
 -0.90916806    
 -0.91170615    
 -0.91420984    
 -0.91667914    
 -0.91911399    
 -0.92151415    
 -0.92387968    
 -0.92621034    
 -0.92850602    
 -0.93076694    
 -0.93299276    
 -0.93518347    
 -0.93733901    
 -0.93945920    
 -0.94154406    
 -0.94359344    
 -0.94560730    
 -0.94758558    
 -0.94952822    
 -0.95143503    
 -0.95330608    
 -0.95514119    
 -0.95694035    
 -0.95870352    
 -0.96043056    
 -0.96212143    
 -0.96377611    
 -0.96539450    
 -0.96697652    
 -0.96852213    
 -0.97003132    
 -0.97150397    
 -0.97294003    
 -0.97433943    
 -0.97570223    
 -0.97702819    
 -0.97831732    
 -0.97956973    
 -0.98078525    
 -0.98196387    
 -0.98310548    
 -0.98421007    
 -0.98527765    
 -0.98630810    
 -0.98730141    
 -0.98825759    
 -0.98917651    
 -0.99005824    
 -0.99090266    
 -0.99170977    
 -0.99247956    
 -0.99321198    
 -0.99390697    
 -0.99456459    
 -0.99518472    
 -0.99576741    
 -0.99631262    
 -0.99682033    
 -0.99729049    
 -0.99772310    
 -0.99811810    
 -0.99847561    
 -0.99879545    
 -0.99907774    
 -0.99932235    
 -0.99952942    
 -0.99969882    
 -0.99983060    
 -0.99992472    
 -0.99998116    
  -1.0000000    
 -0.99998116    
 -0.99992472    
 -0.99983060    
 -0.99969882    
 -0.99952942    
 -0.99932235    
 -0.99907774    
 -0.99879545    
 -0.99847555    
 -0.99811810    
 -0.99772304    
 -0.99729043    
 -0.99682027    
 -0.99631262    
 -0.99576741    
 -0.99518472    
 -0.99456453    
 -0.99390692    
 -0.99321193    
 -0.99247950    
 -0.99170977    
 -0.99090266    
 -0.99005824    
 -0.98917651    
 -0.98825759    
 -0.98730141    
 -0.98630810    
 -0.98527765    
 -0.98421007    
 -0.98310548    
 -0.98196387    
 -0.98078525    
 -0.97956973    
 -0.97831732    
 -0.97702813    
 -0.97570211    
 -0.97433937    
 -0.97293991    
 -0.97150385    
 -0.97003120    
 -0.96852201    
 -0.96697640    
 -0.96539438    
 -0.96377599    
 -0.96212131    
 -0.96043044    
 -0.95870340    
 -0.95694023    
 -0.95514119    
 -0.95330608    
 -0.95143503    
 -0.94952822    
 -0.94758558    
 -0.94560730    
 -0.94359344    
 -0.94154406    
 -0.93945920    
 -0.93733901    
 -0.93518347    
 -0.93299276    
 -0.93076694    
 -0.92850602    
 -0.92621017    
 -0.92387944    
 -0.92151397    
 -0.91911376    
 -0.91667897    
 -0.91420966    
 -0.91170591    
 -0.90916789    
 -0.90659559    
 -0.90398914    
 -0.90134871    
 -0.89867431    
 -0.89596611    
 -0.89322412    
 -0.89044875    
 -0.88763964    
 -0.88479710    
 -0.88192129    
 -0.87901223    
 -0.87607008    
 -0.87309498    
 -0.87008697    
 -0.86704624    
 -0.86397284    
 -0.86086690    
 -0.85772854    
 -0.85455793    
 -0.85135514    
 -0.84812027    
 -0.84485346    
 -0.84155488    
 -0.83822459    
 -0.83486277    
 -0.83146948    
 -0.82804489    
 -0.82458913    
 -0.82110232    
 -0.81758463    
 -0.81403613    
 -0.81045699    
 -0.80684733    
 -0.80320758    
 -0.79953730    
 -0.79583693    
 -0.79210657    
 -0.78834641    
 -0.78455657    
 -0.78073722    
 -0.77688843    
 -0.77301043    
 -0.76910329    
 -0.76516724    
 -0.76120234    
 -0.75720876    
 -0.75318670    
 -0.74913627    
 -0.74505764    
 -0.74095100    
 -0.73681641    
 -0.73265409    
 -0.72846425    
 -0.72424692    
 -0.72000229    
 -0.71573061    
 -0.71143198    
 -0.70710653    
 -0.70275450    
 -0.69837600    
 -0.69397116    
 -0.68954062    
 -0.68508369    
 -0.68060100    
 -0.67609274    
 -0.67155898    
 -0.66699994    
 -0.66241574    
 -0.65780663    
 -0.65317279    
 -0.64851433    
 -0.64383149    
 -0.63912433    
 -0.63439316    
 -0.62963814    
 -0.62485933    
 -0.62005705    
 -0.61523145    
 -0.61038262    
 -0.60551083    
 -0.60061628    
 -0.59569907    
 -0.59075946    
 -0.58579761    
 -0.58081371    
 -0.57580793    
 -0.57078046    
 -0.56573153    
 -0.56066126    
 -0.55557030    
 -0.55045801    
 -0.54532504    
 -0.54017150    
 -0.53499764    
 -0.52980363    
 -0.52458966    
 -0.51935595    
 -0.51410270    
 -0.50883007    
 -0.50353831    
 -0.49822757    
 -0.49289808    
 -0.48755002    
 -0.48218361    
 -0.47679907    
 -0.47139654    
 -0.46597630    
 -0.46053848    
 -0.45508334    
 -0.44961107    
 -0.44412187    
 -0.43861595    
 -0.43309352    
 -0.42755479    
 -0.42199993    
 -0.41642922    
 -0.41084322    
 -0.40524137    
 -0.39962423    
 -0.39399207    
 -0.38834506    
 -0.38268343    
 -0.37700740    
 -0.37131715    
 -0.36561292    
 -0.35989496    
 -0.35416344    
 -0.34841856    
 -0.34266058    
 -0.33688971    
 -0.33110616    
 -0.32531011    
 -0.31950185    
 -0.31368154    
 -0.30784941    
 -0.30200571    
 -0.29615062    
 -0.29028440    
 -0.28440723    
 -0.27851936    
 -0.27262104    
 -0.26671240    
 -0.26079375    
 -0.25486529    
 -0.24892767    
 -0.24298023    
 -0.23702364    
 -0.23105812    
 -0.22508390    
 -0.21910122    
 -0.21311028    
 -0.20711131    
 -0.20110455    
 -0.19509023    
 -0.18906856    
 -0.18303975    
 -0.17700407    
 -0.17096172    
 -0.16491294    
 -0.15885794    
 -0.15279697    
 -0.14673024    
 -0.14065799    
 -0.13458045    
 -0.12849782    
 -0.12241037    
 -0.11631832    
 -0.11022187    
 -0.10412128    
 -9.80167687E-02
 -9.19085667E-02
 -8.57969075E-02
 -7.96824917E-02
 -7.35645965E-02
 -6.74439371E-02
 -6.13207370E-02
 -5.51952273E-02
 -4.90676388E-02
 -4.29382026E-02
 -3.68071534E-02
 -3.06747146E-02
 -2.45411228E-02
 -1.84066072E-02
 -1.22713987E-02
 -6.13572728E-03
  1.74845553E-07
